1011000110111111101011100000000101001010001111001100010101011101
1111111111111111111111111111111111111111111111111111111111111111
0101100111111010000010110010011100100110111110001000100001111001
0000000000000000000000000000000000000000000000000000000000000000
0000000000000000000000000000000000000000000000000000000000000000
1001110011001110000010111101010100100110001010100100011110010001
0000000000000000000000000000000000000000000000000000000000000000
0001011110011110001100110011000101011111100001000001010001000100
0000000000000000000000000000000000000000000000000000000000000000
0000000000000000000000000000000000000000000000000000000000000000
0101111111110011111011010111100001011010001111001110011111001101
0000000000000000000000000000000000000000000000000000000000000000
0100111001100100001110000001011001111001011111001001110000111101
0000000000000000000000000000000000000000000000000000000000000000
0000000000000000000000000000000000000000000000000000000000000000
0111001010000010010010001010110000110110001010100110010100000001
1111111111111111111111111111111111111111111111111111111111111111
