hashPrefixLen=19    inputBitLen= 1086
13157245283481826396
10445719674492939812
16996024192918462559
3767063878673250044
7711258013797771604
3289312545153773025
10713624940062343661
13030357067663384141
4610715801433034728
18181930148822453184
10576503159257627075
3596480647551803090
7931562254006410650
416109583194840736
17448953350510393708
12174836919809891849
14801882489906821364
hashPrefixLen=19    inputBitLen= 1086
13157245283481826396
10445719674492939812
16996024192918462559
3767063878673250044
7711258013797771604
3289312545153773025
10713624940062343661
13030357067663384141
4610715801433034728
18181930148822453184
10576503159257627075
3596480647551803090
7931562254006410650
416109583194840736
17448953350510393708
12174836919809891849
14801882489906821364
hashPrefixLen=19    inputBitLen= 1086
2983878866007625643
12432517257105696917
3445331264002481824
12652070039905346815
3451714504037899695
13727854468967431050
2283968651969710211
11919518222785170018
15176604498164346928
4688953583647932395
4100705044035930131
9843925340894389726
9388781106108783259
2424132929599122226
8611488097575680239
14203829431697215889
14160206318126362625
hashPrefixLen=22    inputBitLen= 1086
1535626607350446618
2149166808336699596
16173648215294072347
159527888907714319
1673900407464617743
13462828777930954688
17268467994041670253
15401594403401294350
3261678209109114765
4978258483067205298
2276385945063259752
4453877465599122067
1816648940927196113
16989901548691192838
1641234706076547997
10828867064560045055
10840630547088882168
hashPrefixLen=19    inputBitLen= 1086
7448458708825051699
13676830643468854047
7063133262792606338
13733013248545600171
13146811213423267543
12652671254363765162
12579000213775256477
5720338947520416005
2251797382012561263
13497857686126038492
7718022795231210578
4779506181874471688
18420122869972076795
7803806040157690060
15562819453042348574
8436937340155286059
5483051097383377341
hashPrefixLen=20    inputBitLen= 1086
10692615714820259837
2991494789622623556
12906095696329009824
3610755385974805729
7453539558052619627
11651110280630121560
8636490263119401793
4905161365402959158
2977802177836437370
3962963660741564818
1804105272038634044
16510903775195908517
18044293214822165978
7684458595819608216
9758970465032718868
17273264656852830657
3733625899479788170
hashPrefixLen=19    inputBitLen= 1086
11493064418903008397
18220805910558277413
16005291907835869191
15593370788305932032
17131481098785844900
9288279824243438156
3973495238711453630
8961438267051344047
8055196397031244658
303535584188072408
13056857812004431237
4913942349094250350
4173842854806657828
440468231297172571
15368965711944344794
8000228927378963720
4014822296668969314
