hashPrefixLen=22    inputBitLen= 1086
1535626607350446618
2149166808336699596
16173648215294072347
159527888907714319
1673900407464617743
13462828777930954688
17268467994041670253
15401594403401294350
3261678209109114765
4978258483067205298
2276385945063259752
4453877465599122067
1816648940927196113
16989901548691192838
1641234706076547997
10828867064560045055
10840630547088882168
hashPrefixLen=20    inputBitLen= 1086
15448234608071584949
14273900991488303267
12708043613610222678
14792953325477975924
12188008792907356719
15202111311132718977
18252053788962902757
4557693061486585622
14695787402070300755
4705129764848265397
1563882713948334045
8399790222022286034
395999076470978898
4481601728756282225
12066889991764229542
3090414575476835618
9121223896956192081
hashPrefixLen=21    inputBitLen= 1086
6490180042894715506
1125030925707551673
11933811573000807045
659829056853978040
17100985889080862212
17586504630567913955
6276188035683496732
10885945661845314619
10488382556475529494
11063615370744253005
5771470012831140880
1938468050055456019
15874639369712159318
14671718339454617461
11619452233440604432
858248658665461666
12608135975597686670
hashPrefixLen=23    inputBitLen= 1086
7402507654004250564
1158036544977042719
6759760329594221527
3566701619929739012
2932500322434737522
2381563228597450663
6724816327859546251
4080410321748120526
1646707013016930198
15010330424815035745
6120026611102407970
4936325168102398465
14085069418416962082
7232720596081432632
5186193297370953821
968560029492945075
10774316599257017886
hashPrefixLen=25    inputBitLen= 1086
8921092869538195218
15948660667309911500
13886039406574146916
8367115860044519969
4780073530376306872
14330446241955829234
17349265557057023029
42353656729053758
14334514393718937954
18121501475791122735
1851074373120963388
7280309472957052719
12259160526239091893
18224287947730207372
12675358729386273874
18271274389496642004
11017282358677156380
