hashPrefixLen=19    inputBitLen= 1086
9817882820029846435
18259251959999334487
17801344838493191093
7654284540572236398
1699746749388901108
2490172013664757363
14755602675778081547
14597843079955955224
15575507240341508772
11711948259124483584
10203087488977933506
15431613590356113017
6373552029119465742
15436738597889195196
5228662334657261125
5716708414692768161
4163262483556442738
hashPrefixLen=19    inputBitLen= 1086
433692523444300185
16451648522385272877
1275119380847369810
15187500972082977547
3034368150600108123
6239206168249906640
1340713237580825513
6703300972835015629
4696306517314963703
7357045446482648858
11195871633196877400
9071437807170221660
8156978551959046468
17560243830313109833
9950293176564286923
4508924148480087478
16626482291202021828
hashPrefixLen=19    inputBitLen= 1086
9817882820029846435
18259251959999334487
17801344838493191093
7654284540572236398
1699746749388901108
2490172013664757363
14755602675778081547
14597843079955955224
15575507240341508772
11711948259124483584
10203087488977933506
15431613590356113017
6373552029119465742
15436738597889195196
5228662334657261125
5716708414692768161
4163262483556442738
hashPrefixLen=17    inputBitLen= 1086
9583123776851347704
316645926866385527
6729307343754913480
14811343482997931753
15880816308772337387
4404907393591574394
2443181598355444671
1354483685082191123
920886077970305559
16082376546189202983
11377535344050153907
5835513790100308303
7098155229765909288
4255437675398377331
18378706102137025540
5133111714852183613
13846893181934338674
hashPrefixLen=18    inputBitLen= 1086
2896620715986006370
189754358562530338
5941938119908721463
4393838000607908860
13077520566702233003
9503139694430452901
9821495345200031399
13652597159137246796
9004490464750049836
11623222692416379082
5394688967064396693
2237632268422678940
14259039315610460549
5770301942565947356
819885846298227088
15689210883938839597
4392275465208818823
hashPrefixLen=18    inputBitLen= 1086
1728440756399374680
10413413789233537365
1784505059276761599
13789053381659182795
16349673798057517282
5082589053291111747
12145464776183246672
15076345667115663095
5687059833406767383
18203763528673909648
3407477580832008550
10985779465867111857
10945611356980008244
11616095081872356793
14708353545036319255
17067755343275845567
305641389821575182
hashPrefixLen=17    inputBitLen= 1086
10666328164224774457
14669963597090654343
12375446637589098347
16698511911830153067
15078399445651828817
2211924635795029168
4383029831405761524
12720657586164653775
4217458170050284341
15437676252474592204
1643993661092993958
7001548340707746298
5320119428003387206
7791592245862824849
5691798609462755098
9612611783179175543
13655890945753137102
hashPrefixLen=19    inputBitLen= 1086
9817882820029846435
18259251959999334487
17801344838493191093
7654284540572236398
1699746749388901108
2490172013664757363
14755602675778081547
14597843079955955224
15575507240341508772
11711948259124483584
10203087488977933506
15431613590356113017
6373552029119465742
15436738597889195196
5228662334657261125
5716708414692768161
4163262483556442738
hashPrefixLen=17    inputBitLen= 1086
11150260613033184610
14166770648641568515
15205222716567810667
4289104104764072763
5909491554125970847
433585136665844932
4747857941730152640
15326220806823663508
1787873347207561282
1722971063770391448
11066923323415612174
2546872369615286369
12216557007458095289
13737110242524780265
15677385493248948641
1564316655891637529
12795266066309653690
hashPrefixLen=17    inputBitLen= 1086
16029439955558637646
768671450689893785
3681176039300250845
183620142310007043
15042880470842508551
5173057556553606844
16163077292243665517
4567754961001019893
11662619296969512764
12918684671410999651
1319814915248701788
13259348091312503641
10404403417381432022
6938707028282031270
9501039845074516421
14463355774910542441
160177964957611725
hashPrefixLen=18    inputBitLen= 1086
10672064257955941146
14590457026274852301
7793148119125829452
16146403679118354848
4859950003832717041
9389276623387011492
990157731932176585
1480616856332067647
12312377973449070525
7693649580419826210
15113915386735987070
7308202496151713569
1221363896936758572
10872529547441003760
16029205544632302195
3746467649419678215
8025913332678466950
hashPrefixLen=17    inputBitLen= 1086
16676561984799139786
4040070621885502079
3684517545255586061
5416344601086728212
8684174181302701096
8196228454003191390
2811184252003345759
17722580432486941364
9637787825986028760
406335860408250760
18223067481552051284
8999991814134206202
18096622046165604227
15062003013364642677
466879653039570630
9047188303439868093
4993762882879293534
hashPrefixLen=17    inputBitLen= 1086
871775882107383324
8581140380932248128
13393305854336632714
5486533054875090686
3793675706802474714
15113245983699185582
16086237031025094180
12488375605932675640
8572494549799571690
15092429186320378603
17920695375948120418
1509608872505390182
3514110658091793788
16384499324386708499
15871823693581317761
7628681123583487024
10602355575038016124
hashPrefixLen=17    inputBitLen= 1086
5389960862753309453
14476600089155181109
13095684291474360013
811423472413895747
8931224946371128222
18221025593199934317
4890199316191891529
15294799918940903812
16389061959222126531
1735643239053169219
4329622857604805232
15960288011329571662
9979874042392135771
12944311480400487830
5317711697282179092
17453904409231450903
2622843738169227865
hashPrefixLen=17    inputBitLen= 1086
15509239216941326186
16111514065536759847
2198340475031378479
2903373504524785984
17603461490323095092
14537757349209706565
9397961127951317147
7688085908430350749
7281281563570362150
13507977946572235433
2229516197289266894
4674432935080834458
10309837065644946769
8681369718802687973
7960905053381965333
9516642970505531291
12356937954678176452
hashPrefixLen=19    inputBitLen= 1086
433692523444300185
16451648522385272877
1275119380847369810
15187500972082977547
3034368150600108123
6239206168249906640
1340713237580825513
6703300972835015629
4696306517314963703
7357045446482648858
11195871633196877400
9071437807170221660
8156978551959046468
17560243830313109833
9950293176564286923
4508924148480087478
16626482291202021828
hashPrefixLen=17    inputBitLen= 1086
297331314118536779
17079779279411560662
12891640861669126992
11870008067423690086
3379944361159891986
6201918535682993784
5970173601259285971
4026319689535790318
13806499992446263306
13953023314741152741
16263905152565365410
5144333092033907235
17330606843638853863
14930968164033189380
7380776659747975396
2626160199368721836
8934134409433774694
hashPrefixLen=18    inputBitLen= 1086
98341946507641767
11770438636764376165
12754269355003249743
3952175724926999717
4459625864211810495
18138674045688508230
10411035475643185525
8480928700999364130
17348255389581308445
17900198780293618636
1550797979955475438
10363260280020218670
2672437775026376676
1470386745825703715
12594158897555041209
1440327178544755939
4843707519613442441
