hashPrefixLen=19    inputBitLen= 1086
9817882820029846435
18259251959999334487
17801344838493191093
7654284540572236398
1699746749388901108
2490172013664757363
14755602675778081547
14597843079955955224
15575507240341508772
11711948259124483584
10203087488977933506
15431613590356113017
6373552029119465742
15436738597889195196
5228662334657261125
5716708414692768161
4163262483556442738
hashPrefixLen=19    inputBitLen= 1086
433692523444300185
16451648522385272877
1275119380847369810
15187500972082977547
3034368150600108123
6239206168249906640
1340713237580825513
6703300972835015629
4696306517314963703
7357045446482648858
11195871633196877400
9071437807170221660
8156978551959046468
17560243830313109833
9950293176564286923
4508924148480087478
16626482291202021828
