0100110011000010100111101110010011111100000010010110001000101000
0000000000000000000000000000000000000000000000000000000000000000
1101110110100011110000101111101111101001111011110111111111011010
0000000000000000000000000000000000000000000000000000000000000000
0000000000000000000000000000000000000000000000000000000000000000
1001111010101110001101101011111000100001101011011000100000110101
1111111111111111111111111111111111111111111111111111111111111111
0111100101001001110111110010100110000101010001110010010100000111
0000000000000000000000000000000000000000000000000000000000000000
0000000000000000000000000000000000000000000000000000000000000000
1101001001101100101010000101101011011101101001001110101000011101
1111111111111111111111111111111111111111111111111111111111111111
1010010011101010000111011101001001101100101010000101101011011101
0000000000000000000000000000000000000000000000000000000000000000
0000000000000000000000000000000000000000000000000000000000000000
1111111111111111111111111111111111111111111111111111111111111111
1111111111111111111111111111111111111111111111111111111111111111
